inherit_from: "configs/stereo/kitti/base_config.yaml"

Dataset:
  dataset_path: "/home/youwyu/Downloads/dataset/sequences/00"
  Calibration:
    cam0:
      raw:
        fx: 718.856
        fy: 718.856
        cx: 607.1928
        cy: 185.2157
        k1: 0.0
        k2: 0.0
        p1: 0.0
        p2: 0.0
        k3: 0.0
      opt:
        fx: 718.856
        fy: 718.856
        cx: 607.1928
        cy: 185.2157
        k1: 0.0
        k2: 0.0
        p1: 0.0
        p2: 0.0
        k3: 0.0
      R:
        rows: 3
        cols: 3
        data: [0.999966347530033, -0.001422739138722922, 0.008079580483432283, 
        0.001365741834644127, 0.9999741760894847, 0.007055629199258132,
         -0.008089410156878961, -0.007044357138835809, 0.9999424675829176]
    cam1:
      raw:
        fx: 718.856
        fy: 718.856
        cx: 607.1928
        cy: 185.2157
        k1: 0.0
        k2: 0.0
        p1: 0.0
        p2: 0.0
        k3: 0.0
      opt:
        fx: 718.856
        fy: 718.856
        cx: 607.1928
        cy: 185.2157
        k1: 0.0
        k2: 0.0
        p1: 0.0
        p2: 0.0
        k3: 0.0
      R:
        rows: 3
        cols: 3
        data: [0.9999633527347896, -0.003625811871560086, 0.007755443660172947,
         0.003680398547259526, 0.9999684752771629, -0.007035845251224894, 
         -0.007729688520722713, 0.007064130529506649, 0.999945173484644]
    distorted: False
    width: 1241
    height: 376
  start_idx: 0
